1
2
3
4
7
5
6
12
10
8
9
15
11
16
13
17
14
26
20
19
18
21
24
27
23
22
25
30
39
29
28
54
45
35
36
41
32
34
40
38
31
51
37
43
33
42
48
46
63
56
52
65
47
44
50
55
59
58
57
62
53
61
102
60
68
66
96
67
64
70
69
83
75
106
76
74
73
78
71
79
77
80
84
95
72
86
115
91
132
88
103
81
124
82
85
89
105
143
127
97
276
92
87
93
94
118
152
140
120
100
183
126
119
110
158
107
114
165
117
109
108
136
99
137
125
111
156
122
145
116
160
129
113
157
98
128
168
138
147
135
133
112
90
131
142
144
196
203
172
207
104
134
150
130
180
146
141
149
155
148
162
204
192
153
--
154
211
171
169
206
163
49
182
179
151
161
164
201
167
176
261
190
166
208
159
185
173
177
121
194
184
202
174
199
198
197
--
228
191
178
200
238
186
215
232
213
175
234
193
244
212
187
216
195
214
217
275
224
209
252
188
248
189
223
210
227
245
218
236
338
225
247
229
372
268
219
230
264
221
226
250
101
259
246
233
249
254
239
267
282
251
277
289
231
265
334
220
243
271
253
258
306
256
376
269
257
343
263
--
348
240
441
241
393
260
255
303
316
262
--
299
266
279
281
296
301
290
326
274
273
302
304
288
337
383
350
283
335
311
462
287
280
310
285
298
291
300
293
297
309
294
341
237
360
412
305
347
286
278
317
321
329
450
292
370
--
315
235
324
332
478
307
312
308
366
284
351
374
205
331
314
330
336
453
416
355
340
373
333
242
402
349
467
390
327
344
270
356
320
494
--
488
444
365
353
342
357
369
362
339
439
359
354
319
--
361
346
367
371
323
322
363
345
352
318
388
325
400
272
401
395
379
364
407
368
377
382
423
--
--
378
328
469
458
295
386
394
428
181
411
406
392
387
391
385
396
403
381
404
389
413
429
375
399
420
446
485
--
417
424
--
--
--
427
463
--
464
486
426
456
434
--
408
398
473
443
474
418
--
477
410
--
--
--
358
495
415
447
421
435
440
451
437
459
--
455
449
454
--
487
--
409
425
480
468
--
--
466
--
--
476
457
479
--
405
123
--
475
--
481
--
472
--
445
448
--
430
452
--
419
